# polygons of approximate EEZ boundaries
# originated at the SPC/TBAP in the 1980s
# other areas added subsequently by Sibert
#
# number of polygons
47
# Hawaii EEZ
206 16
206.6 16.3
207 16.5
207.6 17
208 17.5
208.4 18
208.6 18.5
208.7 19
208.7 19.5
208.6 20
208.5 20.4
208.4 20.6
208.2 21
208 21.4
207.5 21.8
207.4 22
207.2 22.5
207 22.7
206.7 23
206.1 23.5
206 23.7
205.5 23.9
205 24
204.5 24.2
204 24.4
203.7 24.6
203.4 24.7
203 24.9
202.8 24.9
202.7 25
202 25.4
201 25.57
200 26
199.2 26.2
198.8 26.3
198 26.5
197.5 26.57
197 26.6
196 26.5
195.8 26.4
195.3 27
195 27.3
194.5 27.7
194 27.8
193.7 28
193 28.1
192.6 28.2
192 28.1
191.6 28
191.1 27.7
191 28
190.7 28.3
190.5 28.5
190.35 28.55
190 28.65
189 28.95
188.7 29
188.3 29.1
188 29
187.5 29.25
187 29.35
186 29.5
185.3 29.35
185 30
184.6 30.5
184 31
183 31.45
182 31.65
181.5 31.7
181 31.65
180 31.5
179 31
178.5 30.5
178.1 29.5
177.9 29
177.8 28
177.9 27.7
178.1 27
178.85 26.3
179.5 26
180.2 25.8
179.7 25.93
181.2 25.9
182.2 26.2
182.7 25
182.9 24.5
183 24.2
183.1 24
183.55 23.5
184 23.25
184.3 23
185 22.7
186 22.5
186.4 22.4
187.2 22.7
188 22.45
188.5 22.3
189 22.5
189.7 22.6
190.7 22
191 21.65
191.6 21.35
192 21
193 20.6
194 20.4
195 20.6
196 20.2
196.4 20
196.8 19.9
197 19.7
197.8 19
198 18.9
199 18.6
200 18.5
200.8 18
201 17.7
201.4 17
202 16.4
202.65 16
203 15.7
203.5 15.6
204 15.55
204.2 15.5
205 15.65
205.55 15.85
206 16
# Johnson Island EEZ
191 20
192.5 19.5
193 19
193.5 18.5
193.7 18
194 17.2
194 17
194.1 16.7
194 16.3
193.9 16
193.7 15.5
193.4 15
193 14.5
192.5 14
192 13.7
191.5 13.5
191 13.4
190.9 13.45
189.5 13.6
189 13.8
188.65 14
188 14.5
187.6 15
187.45 15.3
187.25 15.6
187.15 16
187.05 16.8
187.1 17
187.2 17.4
187.3 18
187.65 18.6
188 19
188.5 19.4
189 19.7
190 20
190.5 20.1
191 20
# Jarvis Island EEZ
197.6 2
197.2 1
197 0.5
196.9 0
196.85 -0.6
196.95 -1
197.15 -1.6
197.3 -2
197.75 -2.5
198 -2.95
198.6 -3.2
199.5 -3.5
200.4 -3.6
201.75 -3.2
203 -1.53
201.77 0.17
200.48 1.72
198.2 2.03
197.6 2
# American Samoa EEZ
189.4 -12.97
188.1 -15.5
188.9 -16.9
189.95 -16.7
190.9 -16.8
192 -17.2
193.4 -17.6
194.8 -15.5
194.3 -14
191.5 -11.5
191.5 -10.1
188.1 -10.17
185.65 -11
185.7 -11.3
189.4 -12.97
# Palymyra Atoll EEZ
194.55 7
194.5 6
194.75 5
195 4.3
195.15 4
195.75 3.55
196.35 3.05
196.92 2.68
200.62 7.88
199.05 9.15
198.6 9.4
197.8 9.45
197 9.35
196.05 9.05
195.55 8.6
194.95 8
194.55 7
# Howland & Baker Islands EEZ
179.95 1
180 0
180.25 -0.8
180.7 -1.75
181.35 -2.4
182 -2.7
182.62 -2.95
186.28 -0.72
186.83 0.23
186.6 1.75
186.35 2
185.8 3
185 3.7
184.25 4
183.2 4.05
182.3 3.95
181.5 3.5
180.9 2.9
180.5 2.3
180.1 1.65
179.95 1
# Wake Island EEZ
163.2 20
163.1 19.2
163.45 18.1
163.95 17.4
164.6 16.6
165.7 16.05
170 18
170.25 19
170.2 20
169.85 20.7
169.35 21.5
168.7 22
168 22.35
166.8 22.65
165.65 22.5
164.8 22.1
164 21.4
163.6 21
163.2 20
# North Mariana Islands EEZ
142 15.5
148.2 12.4
148.4 13
148.9 13.7
149.4 15
149.35 15.7
149.25 16
149.35 17
149.4 17.8
149.15 18.85
149.2 19.4
149.1 19.6
149 20.5
148.8 21
148.3 21.9
147.75 22.65
146.85 23.35
146 23.8
145.2 23.9
141.45 21.05
141.5 20
141.7 19.4
142.05 18.7
142.4 17.6
142.25 16.85
142.2 16
142 15.5
# Guam EEZ
142 15.5
141.55 14.5
141.3 13.8
141.3 13
142.75 10.85
147.8 11.7
148.2 12.4
142 15.5
# Region 1
140 -10.98
141 -10.37
142 -9.77
142.05 -9.75
142.85 -9.67
143 -9.67
143.08 -9.55
143.33 -9.55
143.5 -9.4
143.8 -9.37
144.25 -9.5
144.73 -9.85
146.5 -12.33
147.13 -12.63
148.08 -13.17
152.12 -14.63
154.25 -14.75
156.62 -14.08
156.73 -14.1
157.02 -14.18
157.3 -14.32
157.73 -14.68
158.5 -15.47
158.87 -15.85
158.72 -16.05
157.68 -17.62
157.23 -18.27
156.42 -19.1
156.17 -19.35
156.8 -20.17
156.93 -20.38
157.15 -20.7
157.28 -22.07
157.28 -22.23
157.37 -22.6
157.97 -23.47
158.45 -24.65
158.6 -25.07
158.4 -25.3
158.18 -25.53
157.97 -25.73
157.72 -25.92
157.45 -26.08
157.17 -26.23
157.08 -26.27
157.12 -26.4
157.13 -26.52
157.22 -26.8
157.27 -27.08
157.28 -27.38
157.28 -27.67
157.28 -27.68
157.32 -27.83
157.33 -27.98
157.38 -28.22
157.42 -28.47
157.72 -28.35
158.03 -28.25
158.35 -28.2
158.67 -28.15
159 -28.12
159.33 -28.15
159.65 -28.17
159.98 -28.23
160.3 -28.32
160.6 -28.42
160.9 -28.55
161.18 -28.68
161.45 -28.87
161.7 -29.05
161.93 -29.25
162.08 -29.38
162.25 -29.58
162.42 -29.78
162.55 -30
162.72 -30.25
162.87 -30.52
162.98 -30.78
163.08 -31.07
163.15 -31.35
163.18 -31.63
163.18 -31.93
163.15 -32.22
163.1 -32.52
163.02 -32.8
162.9 -33.07
162.77 -33.33
162.6 -33.58
162.4 -33.83
162.17 -34.05
161.93 -34.27
161.67 -34.45
161.37 -34.62
161.07 -34.77
160.75 -34.88
160.42 -34.98
160.07 -35.05
159.72 -35.1
159.37 -35.12
159.02 -35.12
158.67 -35.08
158.32 -35.02
157.98 -34.93
157.65 -34.83
157.33 -34.7
157.03 -34.53
156.78 -34.38
156.55 -34.22
156.35 -34.03
156.15 -33.85
156.15 -33.85
156 -34.12
155.82 -34.37
155.6 -34.6
155.37 -34.82
155.18 -34.97
155.12 -35.02
155.05 -35.08
154.97 -35.27
154.87 -35.47
154.82 -35.75
154.73 -36.03
154.62 -36.32
154.47 -36.58
154.3 -36.83
154.28 -36.85
154.25 -37
154.22 -37.15
154.22 -37.43
154.18 -37.72
154.13 -38.02
154.1 -38.1
154.03 -38.4
153.92 -38.67
153.78 -38.93
153.62 -39.2
153.45 -39.4
153.23 -39.65
152.98 -39.87
152.82 -40
152.85 -40.3
152.87 -40.58
152.83 -40.88
152.78 -41.17
152.77 -41.18
152.78 -41.4
152.77 -41.63
152.82 -41.88
152.83 -42.13
152.83 -42.23
152.83 -42.33
152.82 -42.63
152.78 -42.92
152.7 -43.2
152.6 -43.48
152.58 -43.52
152.53 -43.78
152.45 -44.05
152.35 -44.33
152.2 -44.6
152.03 -44.87
151.83 -45.12
151.58 -45.35
151.32 -45.57
151.02 -45.77
150.7 -45.95
150.53 -46.03
150.25 -46.25
149.93 -46.45
149.6 -46.62
149.25 -46.78
148.87 -46.92
148.47 -47.02
148.33 -47.05
147.92 -47.12
147.5 -47.17
147.07 -47.18
146.65 -47.18
146.22 -47.15
145.8 -47.08
145.4 -47
145.4 -47
144.98 -46.92
144.58 -46.82
144.2 -46.7
143.85 -46.55
143.5 -46.38
143.47 -46.37
143.13 -46.18
142.82 -46
142.53 -45.78
142.28 -45.55
142.05 -45.32
141.88 -45.07
141.65 -44.83
141.43 -44.58
141.27 -44.32
141.17 -44.1
141 -43.83
140.88 -43.55
140.8 -43.27
140.75 -42.98
140.75 -42.97
140.72 -42.92
140.68 -42.85
140.55 -42.58
140.43 -42.3
140.4 -42.17
140.17 -41.93
137.85 -40.6
137.55 -40.42
137.28 -40.22
137.03 -39.98
136.82 -39.75
136.8 -39.72
136.42 -39.67
136.05 -39.6
135.7 -39.5
135.35 -39.38
135.03 -39.25
134.72 -39.08
134.43 -38.9
134.4 -38.88
134.1 -38.7
133.82 -38.52
133.57 -38.3
133.35 -38.07
133.22 -37.92
132.88 -37.8
132.57 -37.67
132.27 -37.5
131.98 -37.32
131.72 -37.1
131.48 -36.88
131.28 -36.65
131.1 -36.4
130.95 -36.13
130.83 -35.85
130.78 -35.73
130.62 -35.47
130.47 -35.17
130.25 -35.08
130.05 -34.98
130.02 -34.98
129.98 -35
129.88 -35.05
129.77 -35.08
129.68 -35.12
129.6 -35.13
129.45 -35.18
129.3 -35.23
129.17 -35.27
129.03 -35.3
128.73 -35.38
128.42 -35.47
128.3 -35.48
128.17 -35.52
128.12 -35.52
128.07 -35.53
127.83 -35.57
127.58 -35.6
127.38 -35.83
127.17 -36.07
126.92 -36.28
126.8 -36.38
126.57 -36.6
126.32 -36.82
126.05 -37
125.75 -37.18
125.43 -37.33
125.12 -37.45
124.77 -37.55
124.42 -37.63
124.05 -37.68
123.68 -37.7
123.32 -37.7
123.07 -37.68
122.72 -37.75
122.35 -37.8
121.98 -37.8
121.62 -37.78
121.25 -37.75
120.9 -37.68
120.83 -37.67
120.53 -37.83
120.2 -37.97
120.08 -38.02
119.77 -38.15
119.43 -38.28
119.08 -38.38
118.73 -38.45
118.48 -38.48
118.12 -38.52
117.75 -38.52
117.38 -38.5
117.02 -38.45
116.75 -38.4
116.38 -38.4
116.02 -38.35
115.87 -38.33
115.5 -38.3
115.13 -38.23
114.78 -38.13
114.45 -38.03
114.12 -37.88
113.82 -37.73
113.53 -37.55
113.33 -37.4
113.02 -37.25
112.72 -37.08
112.45 -36.92
112.3 -36.8
112.15 -36.68
111.92 -36.47
111.7 -36.23
111.5 -35.98
111.35 -35.73
111.22 -35.47
111.18 -35.4
111.08 -35.13
111.02 -34.85
110.97 -34.55
110.95 -34.27
110.97 -34.22
110.95 -33.93
110.97 -33.7
110.98 -33.42
111.03 -33.13
111.05 -33.08
111.12 -32.8
111.22 -32.52
111.33 -32.25
111.48 -31.98
111.5 -31.97
111.43 -31.8
111.37 -31.63
111.33 -31.52
111.28 -31.4
111.05 -31.18
110.83 -30.97
110.63 -30.73
110.47 -30.48
110.33 -30.23
110.25 -30.03
110.17 -29.83
110.1 -29.63
109.98 -29.37
109.9 -29.08
109.83 -28.78
109.8 -28.5
109.8 -28.22
109.83 -27.92
109.87 -27.73
109.75 -27.53
109.67 -27.32
109.53 -27.05
109.42 -26.78
109.33 -26.5
109.32 -26.4
109.28 -26.2
109.25 -26
109.23 -25.8
109.22 -25.6
109.23 -25.38
109.25 -25.18
109.3 -24.88
109.38 -24.62
109.48 -24.33
109.52 -24.27
109.58 -23.98
109.68 -23.7
109.8 -23.43
109.87 -23.28
109.92 -23.12
109.98 -22.95
110 -22.9
110.02 -22.85
110.02 -22.55
110.05 -22.27
110.1 -21.98
110.17 -21.7
110.27 -21.45
110.33 -21.2
110.43 -21.08
110.53 -20.92
110.53 -20.9
110.55 -20.87
110.67 -20.6
110.8 -20.33
110.9 -20.2
111.07 -19.95
111.25 -19.72
111.47 -19.5
111.7 -19.32
111.7 -19.3
111.88 -19.17
112.07 -19.05
112.15 -18.98
112.25 -18.93
112.28 -18.9
112.33 -18.88
112.47 -18.65
112.63 -18.42
112.83 -18.18
113.03 -17.97
113.27 -17.77
113.5 -17.6
113.77 -17.45
114.03 -17.32
114.32 -17.2
114.6 -17.12
114.9 -17.05
115.53 -17.02
115.48 -17
115.52 -16.88
115.58 -16.6
115.68 -16.32
115.8 -16.05
115.95 -15.8
116.12 -15.55
116.3 -15.32
116.5 -15.12
116.73 -14.92
116.97 -14.73
117.23 -14.58
117.37 -14.48
117.62 -14.33
117.88 -14.2
118.17 -14.08
118.32 -14.03
118.33 -13.73
118.38 -13.45
118.45 -13.25
119.4 -12.83
119.85 -12.63
120.27 -12.58
121.33 -12.4
121.93 -11.72
122 -11.67
122.03 -11.67
122.45 -11.63
122.72 -11.62
123.23 -11.55
123.3 -11.53
123.37 -11.52
123.93 -11.55
123.97 -11.57
124.43 -11.52
124.45 -11.52
124.57 -11.53
124.95 -11.67
125.33 -11.78
125.42 -11.75
125.75 -11.62
126 -11.52
126.2 -11.43
126.47 -11.35
126.52 -11.33
126.8 -11.32
126.95 -11.28
127.52 -11.23
127.78 -10.92
127.97 -10.75
128.2 -10.47
128.3 -10.43
129.02 -9.98
129.5 -9.75
130.1 -9.65
130.72 -9.75
130.92 -9.78
131.47 -9.7
131.52 -9.67
131.72 -9.6
131.87 -9.55
131.95 -9.52
132.2 -9.38
132.33 -9.33
132.5 -9.27
132.55 -9.23
132.77 -9.1
133.38 -8.88
134.83 -9.42
135.05 -9.37
135.22 -9.28
135.48 -9.13
137.75 -9.95
138.22 -10.15
138.58 -10.37
138.63 -10.4
139.2 -10.83
139.38 -11.15
140 -10.98
# Region 1
193.6 -19.3
194.2 -20.1
195 -20.8
195.8 -21.1
196.7 -21.3
196.9 -22.15
197.4 -23
198 -23.75
199 -24.2
200 -24.5
201 -25
202 -25.05
203 -25
203.8 -24.7
203.85 -21.15
205.1 -19.5
201.6 -15.25
199.9 -15.1
200.2 -14.1
200.5 -13.2
201.6 -12.3
202.7 -12.3
203.75 -12
204.52 -11.37
205.07 -8.5
200.72 -5.87
199.8 -6.8
199 -6.77
198 -6.85
197 -7.2
196.05 -8
195 -7.7
194 -7.5
193 -7.8
192.05 -8.17
191.5 -10.1
191.5 -11.5
194.3 -14
194.8 -15.5
193.4 -17.6
193.6 -19.3
# Region 1
172.78 -20
174.3 -25
176 -24.7
177.2 -24
178.05 -22.3
178.9 -23.5
180.05 -24
181 -24.1
183.2 -20.2
183.5 -17.6
182.15 -16.1
179.7 -13.1
177.1 -10.2
175.85 -9.5
174.9 -10.2
174 -11.1
173.8 -13
174 -14
174.6 -14.9
174 -15.8
173.8 -17
173.8 -18.3
173.6 -18.7
172.78 -20
# Region 1
135.2 11.3
135.85 10.45
136.1 8
137 5
138 5.05
138.9 5.3
139.65 5
140.5 4.9
141 4.25
141.55 3.8
142.3 3.6
143.2 3.5
144.5 3.8
145.3 4
145.75 4.25
147.25 4
148 3.5
149 3
150 3
151 3.42
151.75 2.25
151.65 1.75
152.75 0.33
154 -0.97
157.25 -1.1
157.65 -0.4
158.1 0.5
158.15 1.4
158 2
158.2 2.65
159.35 3.2
160.65 2.95
160.65 2.95
161.55 2.4
162.6 2
163.7 2.05
164.6 2.55
165.55 3.3
165.3 6
163 8.1
162.6 8
161 8.1
159.8 8.5
157.7 10.5
157.3 10.4
156.35 10.85
155.5 11.05
154.75 11
154 11
153 12
152.4 12.05
151.7 12
151 12.2
150 12.3
149 12.1
148 11.5
147.8 11.7
142.75 10.85
141.3 13
140 13.3
139.5 13.35
138.75 13.15
138.1 12.95
137 12.65
136.05 12.1
135.2 11.3
# Region 1
167.8 -3.72
168.57 1.77
169.92 1.98
170.2 2.4
170.75 4.02
170.95 4.28
172.42 4.55
175.48 5.57
175.55 5.37
175.63 5.35
175.78 5.17
175.95 4.87
176.02 4.7
176.15 4.38
176.23 4.05
176.28 3.7
176.32 3.37
176.38 3.2
176.45 3.07
176.48 2.97
176.57 2.65
176.6 2.37
176.67 2.27
176.77 2.15
176.83 1.98
177.17 1.93
177.5 1.83
177.82 1.73
178.12 1.57
178.42 1.38
178.67 1.15
178.9 0.92
179.12 0.67
179.28 0.4
179.45 0.1
179.58 -0.22
179.67 -0.53
179.72 -0.85
179.75 -1.05
179.9 -1.37
180.03 -1.7
180.1 -2.03
180.17 -2.38
180.18 -2.72
180.13 -3.07
180.08 -3.42
180 -3.75
179.9 -3.97
177.23 -4.35
176.7 -4.23
176.15 -4.07
173.57 -4.08
172.95 -4.27
172.72 -4.03
172.47 -3.8
172.23 -3.55
172.1 -3.37
171.97 -3.13
171.83 -3.28
171.67 -3.43
171.38 -3.65
171.12 -3.82
170.82 -3.95
170.47 -4.07
170.17 -4.15
169.82 -4.2
169.47 -4.22
169.13 -4.18
168.77 -4.1
168.43 -4
168.12 -3.88
167.8 -3.72
# Region 1
207.18 -13.83
205.03 -12.57
204.93 -12.32
204.87 -12.03
204.68 -11.72
204.52 -11.37
205.07 -8.5
200.72 -5.87
200.85 -4.82
201.23 -3.87
201.75 -3.2
203 -1.53
201.77 0.17
200.48 1.72
198.2 2.03
197.6 2
197.25 2.3
196.92 2.68
200.62 7.88
201.55 7.43
202.1 6.95
202.97 6.37
203.62 5.58
203.88 5.08
204.85 4.5
205.8 3.47
205.95 2.83
206.13 2.1
206.1 1.12
205.75 0.15
205.13 -0.67
206.2 -0.85
207.08 -1.33
207.8 -2.08
208.23 -3
208.38 -4.02
208.22 -5.08
207.92 -5.77
207.4 -6.45
207.33 -6.6
207.28 -6.77
207.85 -6.75
208.6 -6.85
209.18 -6.6
210.22 -6.57
211.2 -6.87
212.05 -7.42
212.7 -8.22
213.07 -9.17
213.15 -10.22
212.93 -11.2
211.97 -12
210.58 -12.42
208.95 -13.83
207.18 -13.83
# Region 1
172.78 -20
170.03 -21.63
170.5 -25.58
171.42 -25.67
172.08 -25.73
173 -25.62
174.3 -25
172.78 -20
# Region 1
157.7 10.5
159.8 8.5
161 8.1
162.6 8
163 8.1
165.3 6
165.55 3.3
166 2.65
168.3 1.9
168.57 1.77
169.92 1.98
170.2 2.4
170.75 4.02
170.95 4.28
172.42 4.55
175.48 5.57
175.35 6
175.65 7
175.55 8
175.3 9
174.8 9.5
174.25 10.05
174.2 11
173.45 12.4
173.1 13.65
172.45 14.55
172.4 15.4
172 16.6
171.2 17.6
170 18
165.7 16.05
165.5 15.05
164.55 14.95
163.8 14.6
162.8 14.85
161.65 14.85
160.4 14.45
159.7 13.7
159 12.6
158.4 12
157.85 11.3
157.7 10.5
# Region 1
154 21
155 21.15
155.55 21.3
156 21.55
156.35 21.7
156.6 22
157 22.4
157.35 23
157.45 23.5
157.65 24
157.7 24.3
157.65 24.6
157.55 25
157.4 25.4
157.2 26
157 26.2
156.7 26.5
156.4 26.8
156.2 27
156 27.15
155.6 27.35
155 27.5
154 27.65
153.5 27.55
153 27.5
151.8 27
151.4 26.6
151 26.3
150.6 25.8
150.4 25.4
150.35 25
150.2 24.4
150.3 24
150.5 23.5
150.7 23
151 22.45
151.4 22
152 21.55
152.5 21.35
153 21.15
153.55 21.1
154 21
# Region 1
158.87 -15.85
158.72 -16.05
157.68 -17.62
157.23 -18.27
156.42 -19.1
156.17 -19.35
156.8 -20.17
156.93 -20.38
157.15 -20.7
157.28 -22.07
157.28 -22.23
157.37 -22.6
157.97 -23.47
158.45 -24.65
159.7 -24.55
160.5 -24.3
161 -23.98
161.9 -23
163 -24
163.7 -24.4
164.15 -25
165 -25.7
166.25 -26.2
168.75 -25.9
169.5 -25.87
170 -25.75
170.5 -25.58
170.03 -21.63
169.5 -21.5
164.65 -17
163.2 -14.8
158.87 -15.85
# Region 1
165.3 -26.85
164.4 -27.85
164.25 -29
164.4 -29.95
165 -31
166 -31.8
167 -32.2
168 -32.25
169 -32.2
171.3 -30.75
171.75 -29.5
171.6 -28.1
171.1 -27.2
170.4 -26.5
169.6 -26.05
168.75 -25.9
166.25 -26.2
165.3 -26.85
# Region 1
164 -2
164.6 -2.75
165.4 -3.35
166.3 -3.75
167.1 -3.8
167.8 -3.72
168.57 1.77
168.3 1.9
166 2.65
165.15 2.2
164.5 1.65
164 0.85
163.7 0
163.65 -0.65
163.85 -1.5
164 -2
# Region 1
187.9 -20.5
188.6 -22
190.35 -22.3
191.7 -22
192.7 -21.25
193.4 -20
193.6 -19.3
193.4 -17.6
192 -17.2
190.9 -16.8
190 -16.7
188.9 -16.9
188.25 -17.3
187.9 -20.5
# Region 1
171 -31
169 -32.2
168.5 -33
168.1 -34
168.2 -35
169 -36.3
170 -37
170.2 -37.6
169.8 -38.2
169 -38.7
168.2 -39.7
167.7 -40.8
167 -40.9
166 -41.2
164.7 -42.2
163.1 -43.4
162 -44.6
161.8 -46
162 -47.1
161.9 -48.8
160.9 -50
160.8 -51.1
164.4 -53.7
164.8 -54.3
166 -55.1
168 -55.6
169.5 -55.7
171 -55.6
172.8 -55
174 -54.1
174.8 -53
174.7 -51.4
176 -52.3
178 -52.8
180 -52.8
182 -52.1
183 -51.5
184 -50
183.9 -48.7
184.1 -47.4
186.5 -47
188 -46
188.7 -45
188.8 -44
188 -42.2
186 -40.8
184 -40.4
181.8 -40.6
182.2 -39.2
182.7 -38
182.6 -37
182.1 -36
181 -34.8
182.9 -34.5
184 -33.9
184.8 -33
185 -32
185.5 -31
186 -30
186 -29
185.6 -27.7
184.5 -26.5
183 -25.9
182 -25.8
180.8 -26
179.5 -26.7
178.4 -28.2
177.8 -29.3
177.3 -30.7
177.1 -31.7
177.6 -33
176.5 -32.8
175.5 -32
174.3 -31.4
173 -30.9
172 -30.8
171 -31
# Region 1
203.8 -24.7
205 -25.05
206 -25.6
207 -25.95
208.2 -25.8
209 -26.2
210 -26.5
210.5 -26.5
212.1 -27.05
212.1 -28
212.5 -29
213 -29.6
214 -30.2
215 -30.5
216 -31
217 -31.05
218 -30.8
219 -30
219.7 -29.4
220 -28.6
220.1 -27.7
219.9 -27
219.4 -26.3
219 -25.7
218 -25.05
217.2 -24.8
216 -24.5
216 -24
217 -24.1
217.8 -24.6
219 -24.95
220.3 -25.5
221 -26
222 -26.47
223 -26.5
224 -26.4
225 -26.65
226 -26.6
226.9 -26.6
228 -20.9
227.3 -19.5
227.4 -18.7
227.35 -18
227 -17.2
226.5 -16.3
226 -16
224.9 -15.3
224.85 -14.6
224.6 -13.8
224.4 -13.1
225 -12.4
225.3 -11.7
225.6 -10.9
225.6 -10
225.2 -9
224.5 -8
223.6 -7.4
223 -7
222.5 -6
222 -5.3
221.15 -4.9
220.3 -4.6
219 -4.7
218 -4.9
217 -5.4
216.5 -6.3
216.1 -7
216 -8
216.05 -9
216.7 -10
217.1 -11
216.6 -11.4
215.5 -11
214.5 -11.1
212.93 -11.2
211.97 -12
210.58 -12.42
208.95 -13.83
207.18 -13.83
205.03 -12.57
201.6 -15.25
205.1 -19.5
203.85 -21.15
203.8 -24.7
# Region 1
141 -10.37
142 -9.77
142.05 -9.75
142.85 -9.67
143 -9.67
143.08 -9.55
143.33 -9.55
143.5 -9.4
143.8 -9.37
144.25 -9.5
144.73 -9.85
146.5 -12.33
147.13 -12.63
148.08 -13.17
152.12 -14.63
154.25 -14.75
156.62 -14.08
156.73 -14.1
157.2 -13.6
158 -11.45
157.7 -10.9
155 -8.65
154.9 -7.43
155.43 -7.37
155.55 -6.95
155.88 -6.8
156.05 -6.67
156.05 -6.58
156.32 -6.33
156.47 -5.85
156.87 -5.68
157.5 -5.75
158.15 -4.55
162.75 -4.65
162.75 -4
162.4 -3
162 -2.3
161.4 -1.65
160.65 -1.2
159.95 -0.95
158.95 -1
158 -1.2
157.5 -1.5
157.25 -1.1
154 -0.97
152.75 0.33
151.65 1.75
151 1.8
150 2
149.15 2
148.3 1.8
147.7 1.6
147.1 2
146.45 2.3
145.6 2.6
144.7 2.6
143.8 2.25
143 1.9
142.3 1.8
141.5 1.5
141 1.3
141 -6.2
140.8 -6.7
141 -7.1
141 -10.37
# Region 1
226.9 -26.6
227.15 -27
228 -27.6
228.4 -28
229.3 -28.25
230 -28.3
231 -28.2
232.2 -27.45
233.2 -27.3
234 -27.5
235 -27.5
236 -27.7
237 -27.3
237.6 -26.9
238.15 -26.2
238.45 -25.75
238.7 -25
238.75 -24.2
238.45 -23.5
238.15 -23
237.7 -22.5
237 -22
236 -21.65
235 -21.65
234 -21.8
233.75 -21.9
233 -21.6
232 -21.3
231.1 -21.2
230.4 -21
229.4 -20.75
228.7 -20.8
228 -20.9
226.9 -26.6
# Region 1
129.67 6.25
129.88 2.5
132.7 1.65
133.9 3
134.7 3.5
136.5 3.6
137 5
136.1 8
135.85 10.45
135.2 11.3
134 11.2
133.1 10.9
132.35 10.3
131.6 9.5
131.1 8.6
130 8
129.67 6.25
# Region 1
184.27 -7.78
183.37 -7.25
182.72 -6.52
182.28 -5.6
182.15 -4.57
182.32 -3.58
182.62 -2.95
186.28 -0.72
186.83 0.23
187.85 0.52
188.9 0.48
190.13 0.02
191.02 -0.53
191.87 -1.6
192.4 -2.48
192.62 -3.5
192.53 -4.57
192.12 -5.52
191.75 -6
191.48 -6.4
191.07 -6.88
189.38 -6.88
188.33 -6.58
186.78 -6.45
184.27 -7.78
# Region 1
154.9 -7.43
155 -8.65
157.7 -10.9
158 -11.45
157.2 -13.6
156.73 -14.1
157.02 -14.18
157.3 -14.32
157.73 -14.68
158.5 -15.47
158.87 -15.85
163.2 -14.8
163.35 -13.7
164 -12.67
165.5 -12.1
168 -12.8
169 -13.8
170.15 -14
172.6 -14.95
172.6 -14.35
173.2 -13.4
173.65 -12.5
173.65 -11.55
173.5 -10.8
173.1 -10
172.5 -9.45
171.67 -8.8
170.65 -8.55
170 -8.5
169.67 -8
168.8 -7.2
167.9 -6.85
167.1 -6.75
166.45 -6.8
166 -6.9
165.35 -6
164.65 -5.6
164.15 -5.25
163.2 -5
162.75 -4.65
158.15 -4.55
157.5 -5.75
156.87 -5.68
156.47 -5.85
156.32 -6.33
156.05 -6.58
156.05 -6.67
155.88 -6.8
155.55 -6.95
155.43 -7.37
154.9 -7.43
# Region 1
184.27 -7.78
184.1 -9
184.25 -10
185.65 -11
188.1 -10.17
191.5 -10.1
192.05 -8.17
191.07 -6.88
189.38 -6.88
188.33 -6.58
186.78 -6.45
184.27 -7.78
# Region 1
183.5 -17.6
183.2 -20.2
181 -24.1
182 -25.05
183 -25.4
184 -25.5
185 -25.3
185.9 -24.95
186.6 -24.2
187.8 -23.5
188.6 -22
187.9 -20.5
188.25 -17.3
188.9 -16.9
188.1 -15.5
185.5 -14
183.15 -14.5
182.15 -16.1
183.5 -17.6
# Region 1
175.8 -8.95
175.85 -9.5
177.1 -10.2
179.7 -13.1
181.9 -11.7
183 -10
183.2 -9.6
183.1 -8.4
182.6 -7.5
182.1 -6.85
181.8 -6
181.2 -5.2
181 -4.95
180.05 -4.4
179.9 -3.97
177.23 -4.35
176.7 -4.23
176.15 -4.07
173.57 -4.08
172.95 -4.27
173 -4.3
172.9 -5.2
172.9 -6.2
173.15 -7
174 -8
175 -8.6
175.8 -8.95
# Region 1
163.2 -14.8
164.65 -17
169.5 -21.5
170.03 -21.63
172.78 -20
173.6 -18.7
172.95 -17.6
172 -16.8
172.6 -15.3
172.6 -14.95
170.15 -14
169 -13.8
168 -12.8
165.5 -12.1
164 -12.67
163.35 -13.7
163.2 -14.8
# Region 1
179.7 -13.1
182.15 -16.1
183.15 -14.5
185.5 -14
185.7 -11.3
185.65 -11
184.25 -10
183 -10
181.9 -11.7
179.7 -13.1
# Region 1
185.5 -14
188.1 -15.5
189.4 -12.97
185.7 -11.3
185.5 -14
# Region 1
137.87 44.62
137.79 44.32
137.63 44.17
137.55 43.79
137.39 43.56
137.23 43.03
137.07 42.73
136.91 42.5
136.83 42.27
136.75 42.04
136.59 41.82
136.51 41.51
136.35 41.28
136.19 41.06
136.19 40.83
136.03 40.75
135.71 40.53
135.39 40.3
135.07 40.15
134.83 40.15
134.67 40
134.27 39.92
133.95 39.85
133.71 39.78
133.47 39.64
133.07 39.64
133 39.56
132.76 39.28
132.68 38.92
132.6 38.7
132.52 38.42
132.44 38.13
132.28 37.77
132.2 37.55
132.12 37.34
132.04 37.12
131.96 36.76
131.8 36.55
131.8 36.4
131.72 36.26
131.64 36.04
131.48 35.97
131.32 35.76
131.08 35.61
130.92 35.54
130.68 35.47
130.6 35.47
130.44 35.4
130.28 35.33
130.04 35.25
129.88 35.18
129.71 35.11
129.55 35.04
129.47 34.9
129.31 34.75
129.14 34.46
129.06 34.46
129.06 34.32
128.9 34.03
128.81 33.89
128.81 33.67
128.65 33.6
128.57 33.53
128.41 33.39
128.24 33.24
128.08 33.1
127.83 32.96
127.67 32.81
127.59 32.74
127.43 32.67
127.18 32.38
126.94 32.24
126.77 32.09
126.53 31.95
126.28 31.81
125.06 28.82
124.81 28.75
124.65 28.6
124.48 28.53
124.24 28.38
123.91 28.23
123.58 28.16
123.34 28.01
123.09 27.86
122.77 27.71
122.44 27.56
122.36 22.82
122.52 22.52
122.69 22.3
122.77 22.37
123.01 22.3
123.09 22.23
123.42 22.15
123.67 22
123.91 21.93
124.24 21.78
124.48 21.71
124.65 21.63
124.89 21.56
124.97 21.48
125.14 21.41
126.28 21.34
126.44 21.34
126.69 21.41
127.02 21.71
127.43 21.86
127.75 22
128 22.23
128.16 22.45
128.32 22.75
128.41 22.82
128.57 23.12
128.65 23.12
129.06 23.19
129.39 23.26
129.71 23.41
130.04 23.56
130.52 23.86
130.6 24.01
130.76 24.15
131.08 24.38
131.16 24.67
131.32 24.82
131.4 25.12
131.48 25.34
131.64 26.3
131.8 26.38
132.04 26.6
132.28 26.9
132.44 27.05
132.52 27.34
132.68 27.71
132.84 27.94
132.92 28.23
133.07 28.53
133.15 28.68
133.31 28.82
133.63 29.12
133.63 29.34
133.79 29.57
133.87 29.86
133.95 30.15
134.03 30.3
134.11 30.44
134.19 30.51
134.43 30.59
134.75 30.73
134.99 30.8
135.07 30.87
135.15 30.94
135.31 31.02
135.39 30.94
135.55 30.8
135.63 30.59
135.71 30.44
135.63 30.3
135.63 30.15
135.71 29.94
135.71 29.64
135.71 29.42
135.79 29.2
135.79 28.97
135.87 28.82
135.87 28.68
136.03 28.38
136.11 28.08
136.27 27.94
136.51 27.71
136.59 27.56
136.75 27.34
136.91 27.19
137.07 27.12
137.23 26.9
137.39 26.6
137.31 26.38
137.39 25.41
137.31 25.27
137.31 24.97
137.39 24.75
137.39 24.6
137.39 24.45
137.47 24.15
137.55 23.93
137.63 23.71
137.63 23.56
137.39 23.56
137.07 23.56
136.75 23.64
136.27 23.64
135.87 23.64
135.55 23.64
135.31 23.64
135.07 23.49
134.75 23.49
134.51 23.41
134.27 23.34
133.95 23.04
133.79 22.97
133.55 22.82
133.39 22.6
133.15 22.3
133.07 22.15
132.92 21.93
132.84 21.63
132.68 21.34
132.6 20.97
132.52 20.67
132.52 20.3
132.6 19.92
132.68 19.6
132.76 19.28
133 18.88
133.07 18.72
133.39 18.4
133.47 18.07
133.71 17.83
134.11 17.59
134.27 17.51
134.51 17.35
134.91 17.19
135.39 17.03
135.55 17.03
135.79 17.03
136.19 17.03
136.59 17.03
136.83 17.11
137.23 17.11
137.63 17.35
138.03 17.43
138.19 17.51
138.35 17.67
138.59 17.91
138.83 18.07
138.91 18.24
139.07 18.4
139.3 18.8
139.46 18.96
139.54 19.28
139.54 19.36
139.7 19.68
139.78 20.08
139.78 20.22
139.86 20.45
139.78 20.67
141.45 21.05
145.2 23.9
145.25 24.15
145.25 24.3
145.17 24.6
145.17 24.82
145.09 25.12
145.17 25.12
145.25 25.34
145.33 25.41
145.41 26.38
145.41 26.75
145.49 26.97
145.58 27.19
145.58 27.49
145.58 27.79
145.58 28.16
145.41 28.45
145.33 28.82
145.25 29.05
145.17 29.34
144.84 29.64
144.68 29.71
144.51 29.94
144.35 30.15
144.19 30.23
144.19 30.44
144.27 30.66
144.19 31.02
144.11 31.3
144.11 31.66
143.94 32.09
143.86 32.38
143.7 32.6
143.45 32.88
143.37 33.17
143.29 33.39
143.37 33.46
143.45 33.67
143.7 33.75
143.7 33.89
143.86 34.11
144.02 34.32
144.19 34.54
144.19 34.75
144.35 35.04
144.43 35.4
144.43 35.69
144.43 35.9
144.43 36.33
144.43 36.62
144.51 36.76
144.51 36.98
144.68 37.34
144.84 37.55
144.92 37.7
145 37.91
145.09 38.06
145.25 38.2
145.33 38.56
145.49 38.77
145.58 38.99
145.49 39.28
145.49 39.42
145.49 39.71
145.49 39.85
145.49 40.15
145.66 40.3
145.9 40.37
146.15 40.45
146.56 40.6
147.62 40.68
148.03 40.83
148.27 41.06
148.6 41.36
148.84 41.59
148.92 41.97
149.17 42.12
149.33 42.42
149.58 42.57
149.9 42.73
150.23 42.95
150.48 43.18
150.81 43.41
151.13 43.71
151.3 43.86
151.55 44.01
151.63 44.17
151.87 44.47
151.87 44.62
151.87 44.62
137.87 44.62
# Region 1
137.87 44.62
137.79 44.32
137.63 44.17
137.55 43.79
137.39 43.56
137.23 43.03
137.07 42.73
136.91 42.5
136.83 42.27
136.75 42.04
136.59 41.82
136.51 41.51
136.35 41.28
136.19 41.06
136.19 40.83
136.03 40.75
135.71 40.53
135.39 40.3
135.07 40.15
134.83 40.15
134.67 40
134.27 39.92
133.95 39.85
133.71 39.78
133.47 39.64
133.07 39.64
133 39.56
132.76 39.28
132.68 38.92
132.6 38.7
132.52 38.42
132.44 38.13
132.28 37.77
132.2 37.55
132.12 37.34
132.04 37.12
131.96 36.76
131.8 36.55
131.8 36.4
131.72 36.26
131.64 36.04
131.48 35.97
131.32 35.76
131.08 35.61
130.92 35.54
130.68 35.47
130.6 35.47
130.44 35.4
130.28 35.33
130.04 35.25
129.88 35.18
129.71 35.11
129.55 35.04
129.47 34.9
129.31 34.75
129.14 34.46
129.06 34.46
129.06 34.32
128.9 34.03
128.81 33.89
128.81 33.67
128.65 33.6
128.57 33.53
128.41 33.39
128.24 33.24
128.08 33.1
127.83 32.96
127.67 32.81
127.59 32.74
127.43 32.67
127.18 32.38
126.94 32.24
126.77 32.09
126.53 31.95
126.28 31.81
126.12 31.88
125.06 32.02
124.97 32.17
124.81 32.31
124.65 32.52
124.48 32.6
124.24 32.88
124.07 33.03
123.83 33.32
123.67 33.39
123.5 33.53
123.26 33.82
123.18 33.89
123.09 34.18
123.01 34.32
122.93 34.46
122.85 34.54
122.69 34.75
122.6 35.04
122.6 35.11
122.52 35.18
122.44 35.33
122.52 35.47
122.6 35.54
122.6 35.61
122.77 35.9
122.85 36.04
122.93 36.26
123.09 36.48
123.26 36.62
123.26 36.84
123.34 36.98
123.42 37.19
123.34 37.27
123.26 37.48
123.18 37.55
123.09 37.7
122.85 37.84
122.77 37.91
122.69 38.13
122.52 38.27
122.52 38.34
122.36 38.56
122.44 38.7
122.52 38.85
122.69 38.99
122.77 39.06
122.85 39.21
123.01 39.35
123.09 39.42
123.26 39.56
123.34 39.71
123.42 39.78
123.42 39.92
123.42 40
137.87 44.62
# Region 1
108.21 21.78
108.29 21.63
108.37 21.41
108.37 21.34
108.45 21.19
108.45 21.11
108.45 20.89
108.45 20.82
108.37 20.67
108.29 20.6
108.21 20.52
108.14 20.45
107.98 20.3
107.9 20.22
107.83 20.15
107.67 20.08
107.52 19.84
107.52 19.76
107.52 19.6
107.52 19.44
107.67 19.2
107.75 19.04
107.83 18.8
107.9 18.64
108.06 18.48
108.14 18.32
108.21 18.15
108.37 17.99
108.45 17.83
108.6 17.67
108.91 17.43
109.07 17.27
109.3 16.95
109.46 16.79
109.53 16.71
109.84 16.39
110 16.23
110.15 16.07
110.38 15.83
110.54 15.66
110.62 15.42
110.85 15.26
110.85 15.18
110.85 15.18
111.09 14.86
111.16 14.86
111.32 14.62
111.48 14.54
111.55 14.38
111.71 14.22
111.79 14.06
111.87 13.9
112.1 13.66
112.18 13.66
112.34 13.42
112.57 13.17
112.73 13.09
112.73 13.01
112.88 12.85
112.96 12.85
113.04 12.69
113.12 12.61
113.12 12.53
113.19 12.61
113.35 12.85
113.58 12.85
113.74 13.01
113.98 13.17
114.13 13.33
114.37 13.42
114.6 13.58
114.68 13.66
114.76 13.74
115.15 14.06
115.3 14.22
115.54 14.38
115.77 14.62
116.01 14.7
116.24 14.86
116.4 14.94
116.47 15.1
116.47 15.42
116.47 15.5
116.47 15.74
116.47 15.91
116.55 16.15
116.55 16.31
116.55 16.47
116.55 16.71
116.55 16.87
116.63 17.19
116.63 17.43
116.71 17.59
116.71 17.67
116.79 17.75
116.86 17.99
117.02 18.07
117.18 18.24
117.33 18.4
117.49 18.48
117.57 18.64
117.72 18.8
117.96 19.04
118.04 19.12
118.19 19.28
118.35 19.44
118.5 19.6
118.74 19.76
118.9 19.92
119.21 20.15
119.29 20.15
119.44 20.22
119.68 20.37
119.75 20.37
119.99 20.37
120.07 20.45
120.23 20.52
120.4 20.6
120.56 20.74
120.81 20.82
120.89 20.89
120.97 20.97
121.05 21.04
121.3 21.19
121.38 21.26
121.46 21.34
121.62 21.41
121.7 21.48
121.87 21.63
121.95 21.71
122.03 21.86
122.11 21.93
122.28 22
122.36 22.15
122.52 22.23
122.6 22.3
122.69 22.3
122.52 22.52
122.36 22.82
122.44 27.56
122.77 27.71
123.09 27.86
123.34 28.01
123.58 28.16
123.91 28.23
124.24 28.38
124.48 28.53
124.65 28.6
124.81 28.75
125.06 28.82
126.28 31.81
126.12 31.88
125.06 32.02
124.97 32.17
124.81 32.31
124.65 32.52
124.48 32.6
124.24 32.88
124.07 33.03
123.83 33.32
123.67 33.39
123.5 33.53
123.26 33.82
123.18 33.89
123.09 34.18
123.01 34.32
122.93 34.46
122.85 34.54
122.69 34.75
122.6 35.04
122.6 35.11
122.52 35.18
122.44 35.33
122.52 35.47
122.6 35.54
122.6 35.61
122.77 35.9
122.85 36.04
122.93 36.26
123.09 36.48
123.26 36.62
123.26 36.84
123.34 36.98
123.42 37.19
123.34 37.27
123.26 37.48
123.18 37.55
123.09 37.7
122.85 37.84
122.77 37.91
122.69 38.13
122.52 38.27
122.52 38.34
122.36 38.56
122.44 38.7
122.52 38.85
122.69 38.99
122.77 39.06
122.85 39.21
123.01 39.35
123.09 39.42
123.26 39.56
123.34 39.71
123.42 39.78
123.42 39.92
123.42 40
108.21 21.78
# Region 1
105.42 6.99
105.57 6.81
105.73 6.81
105.81 6.62
105.89 6.62
106.04 6.53
106.12 6.44
106.27 6.53
106.35 6.53
106.43 6.62
106.58 6.62
106.58 6.62
106.74 6.71
106.74 6.71
107.05 6.71
107.13 6.71
107.28 6.81
107.44 6.9
107.67 6.99
107.75 6.99
107.9 7.08
107.98 7.18
108.21 7.27
108.37 7.27
108.45 7.36
108.6 7.36
108.76 7.36
108.91 7.36
109.07 7.36
109.22 7.36
109.38 7.27
109.46 7.27
109.53 7.18
109.61 7.18
109.84 7.18
109.92 7.18
110.08 7.08
110.23 7.08
110.38 7.27
110.38 7.36
110.46 7.36
110.54 7.46
110.7 7.55
110.77 7.64
110.93 7.92
111.01 8.01
111.16 8.1
111.24 8.2
111.4 8.29
111.48 8.47
111.55 8.47
111.63 8.57
111.71 8.66
111.87 8.75
111.94 8.84
112.02 8.94
112.1 9.03
112.1 9.12
112.18 9.31
112.26 9.4
112.41 9.58
112.57 9.68
112.65 9.77
112.73 9.96
112.88 10.04
112.96 10.12
113.04 10.28
113.12 10.44
113.12 10.52
113.19 10.68
113.12 10.76
113.12 11.17
113.12 11.33
113.12 11.49
113.12 11.65
113.12 11.81
113.12 12.05
113.12 12.21
113.12 12.53
113.12 12.61
113.04 12.69
112.96 12.85
112.88 12.85
112.73 13.01
112.73 13.09
112.57 13.17
112.34 13.42
112.18 13.66
112.1 13.66
111.87 13.9
111.79 14.06
111.71 14.22
111.55 14.38
111.48 14.54
111.32 14.62
111.16 14.86
111.09 14.86
110.85 15.18
110.85 15.18
110.85 15.26
110.62 15.42
110.54 15.66
110.38 15.83
110.15 16.07
110 16.23
109.84 16.39
109.53 16.71
109.46 16.79
109.3 16.95
109.07 17.27
108.91 17.43
108.6 17.67
108.45 17.83
108.37 17.99
108.21 18.15
108.14 18.32
108.06 18.48
107.9 18.64
107.83 18.8
107.75 19.04
107.67 19.2
107.52 19.44
107.52 19.6
107.52 19.76
107.52 19.84
107.67 20.08
107.83 20.15
107.9 20.22
107.98 20.3
108.14 20.45
108.21 20.52
108.29 20.6
108.37 20.67
108.45 20.82
108.45 20.89
108.45 21.11
108.45 21.19
108.37 21.34
108.37 21.41
108.29 21.63
108.21 21.78
105.42 6.99
# Region 1
113.12 12.53
113.19 12.61
113.35 12.85
113.58 12.85
113.74 13.01
113.98 13.17
114.13 13.33
114.37 13.42
114.6 13.58
114.68 13.66
114.76 13.74
115.15 14.06
115.3 14.22
115.54 14.38
115.77 14.62
116.01 14.7
116.24 14.86
116.4 14.94
116.47 15.1
116.47 15.42
116.47 15.5
116.47 15.74
116.47 15.91
116.55 16.15
116.55 16.31
116.55 16.47
116.55 16.71
116.55 16.87
116.63 17.19
116.63 17.43
116.71 17.59
116.71 17.67
116.79 17.75
116.86 17.99
117.02 18.07
117.18 18.24
117.33 18.4
117.49 18.48
117.57 18.64
117.72 18.8
117.96 19.04
118.04 19.12
118.19 19.28
118.35 19.44
118.5 19.6
118.74 19.76
118.9 19.92
119.21 20.15
119.29 20.15
119.44 20.22
119.68 20.37
119.75 20.37
119.99 20.37
120.07 20.45
120.23 20.52
120.4 20.6
120.56 20.74
120.81 20.82
120.89 20.89
120.97 20.97
121.05 21.04
121.3 21.19
121.38 21.26
121.46 21.34
121.62 21.41
121.7 21.48
121.87 21.63
121.95 21.71
122.03 21.86
122.11 21.93
122.28 22
122.36 22.15
122.52 22.23
122.6 22.3
122.69 22.3
122.77 22.37
123.01 22.3
123.09 22.23
123.42 22.15
123.67 22
123.91 21.93
124.24 21.78
124.48 21.71
124.65 21.63
124.89 21.56
124.97 21.48
125.14 21.41
126.28 21.34
126.44 21.34
126.44 21.19
126.44 21.04
126.44 20.82
126.44 20.67
126.44 20.45
126.44 20.3
126.36 20.15
126.36 19.84
126.28 19.76
126.28 19.6
126.28 19.36
126.28 19.2
126.44 19.04
126.44 18.96
126.61 18.72
126.61 18.56
126.69 18.4
126.85 18.15
126.85 17.83
126.85 17.67
126.85 17.51
126.85 17.35
126.94 16.87
126.94 16.79
127.02 16.55
127.1 16.39
127.26 16.23
127.59 15.99
127.67 15.91
127.83 15.83
128.08 15.66
128.32 15.58
128.41 15.42
128.65 15.18
128.81 15.02
129.14 14.78
129.31 14.54
129.47 14.3
129.55 14.06
129.71 13.82
129.8 13.66
129.88 13.33
129.88 13.25
129.88 13.01
129.88 12.85
129.88 12.61
129.88 12.45
129.88 12.21
129.8 12.13
129.8 11.89
129.8 11.65
129.8 11.41
129.88 11.25
129.96 10.93
129.96 10.68
130.12 10.52
130.12 10.28
130.12 10.2
130.12 9.96
130.2 9.77
130.28 9.68
130.36 9.49
130.36 9.49
130.44 9.21
130.44 9.03
130.36 8.84
130.28 8.57
130.12 8.47
130 8
129.71 7.73
129.55 7.55
129.39 7.36
129.31 7.27
129.06 6.9
128.9 6.62
128.73 6.53
128.65 6.34
128.65 6.34
128.41 6.07
128.24 5.88
128.08 5.6
127.92 5.51
127.75 5.33
127.59 5.33
127.26 5.23
124.48 3.75
124.24 3.66
123.91 3.66
123.75 3.57
123.58 3.47
123.34 3.38
123.09 3.47
122.69 3.47
122.6 3.47
122.28 3.47
122.03 3.38
121.79 3.38
121.7 3.47
121.38 3.47
121.21 3.47
120.89 3.38
120.56 3.38
120.4 3.38
120.15 3.38
120.07 3.38
119.99 4.77
120.07 4.95
119.83 5.33
119.83 5.51
119.68 5.79
119.44 6.07
119.29 6.25
119.13 6.34
118.9 6.62
118.66 6.81
118.5 6.9
118.27 7.08
117.88 7.46
117.72 7.64
117.57 7.83
117.49 7.92
117.18 8.1
116.86 8.29
116.71 8.47
116.47 8.57
116.16 8.75
116.01 8.84
115.69 8.94
115.46 8.94
115.22 9.12
114.91 9.31
114.68 9.31
114.52 9.49
114.29 9.58
114.05 9.77
113.82 9.86
113.66 9.96
113.51 10.04
113.35 10.12
113.12 10.44
113.12 10.52
113.19 10.68
113.12 10.76
113.12 11.17
113.12 11.33
113.12 11.49
113.12 11.65
113.12 11.81
113.12 12.05
113.12 12.21
113.12 12.53
# Region 1
117.69 3.83
118.19 3.47
118.27 3.47
118.35 3.38
118.35 3.38
118.5 3.38
118.66 3.38
118.74 3.38
118.97 3.29
119.13 3.29
119.36 3.29
119.6 3.29
119.75 3.29
119.83 3.38
119.99 3.38
120.07 3.38
119.99 4.77
120.07 4.95
119.83 5.33
119.83 5.51
119.68 5.79
119.44 6.07
119.29 6.25
119.13 6.34
118.9 6.62
118.66 6.81
118.5 6.9
118.27 7.08
117.88 7.46
117.72 7.64
117.57 7.83
117.49 7.92
117.18 8.1
116.86 8.29
116.71 8.47
116.47 8.57
116.16 8.75
116.01 8.84
115.69 8.94
115.46 8.94
115.22 9.12
114.91 9.31
114.68 9.31
114.52 9.49
114.29 9.58
114.05 9.77
113.82 9.86
113.66 9.96
113.51 10.04
113.35 10.12
113.12 10.44
113.04 10.28
112.96 10.12
112.88 10.04
112.73 9.96
112.65 9.77
112.57 9.68
112.41 9.58
112.26 9.4
112.18 9.31
112.1 9.12
112.1 9.03
112.02 8.94
111.94 8.84
111.87 8.75
111.71 8.66
111.63 8.57
111.55 8.47
111.48 8.47
111.4 8.29
111.24 8.2
111.16 8.1
111.01 8.01
110.93 7.92
110.77 7.64
110.7 7.55
110.54 7.46
110.46 7.36
110.38 7.36
110.38 7.27
110.23 7.08
110.15 7.08
110.15 6.81
110.15 6.62
110.15 6.53
110.15 6.25
110.23 5.79
110.23 5.51
110.23 5.42
110.23 5.14
110.23 5.05
110.23 4.77
110.23 3.66
110.23 3.29
110.23 3.2
110.23 3.1
110.3 2.73
110.3 2.36
110.23 2.18
110.15 1.99
110.07 1.81
110 1.71
109.98 1.69
117.69 3.83
# Region 1
115.56 5.55
115.35 5.79
115.27 5.88
115.2 6.16
115.04 6.25
114.81 6.53
114.73 6.62
114.57 6.81
114.42 6.99
114.26 7.08
114.1 7.36
113.95 7.46
113.95 7.55
113.79 7.64
113.79 7.73
113.63 7.92
113.56 8.01
113.48 8.1
113.32 8.2
113.24 8.29
113.17 8.38
113.17 8.29
113.24 7.83
113.24 7.73
113.32 7.64
113.4 7.36
113.4 7.18
113.48 7.08
113.56 6.9
113.56 6.71
113.63 6.53
113.63 6.44
113.71 6.16
113.79 6.07
113.79 5.97
113.87 5.79
113.87 5.7
113.95 5.51
113.95 5.51
113.95 5.33
113.95 5.23
114.03 5.14
114.29 4.65
115.56 5.55
# Region 1
105.5 -9.58
105.81 -9.67
105.96 -9.67
106.04 -9.67
106.2 -9.67
106.35 -9.67
106.51 -9.67
106.74 -9.67
106.89 -9.75
107.05 -9.84
107.28 -10.02
107.59 -10.02
107.67 -10.1
107.9 -10.27
108.14 -10.43
108.29 -10.43
108.52 -10.68
108.68 -10.77
108.91 -10.93
108.99 -11.1
109.15 -11.18
109.3 -11.27
109.38 -11.6
109.53 -11.77
109.53 -11.85
109.61 -11.94
109.69 -12.02
109.84 -12.1
110 -12.27
110.07 -12.35
110.23 -12.44
110.15 -12.52
110.46 -12.69
110.62 -12.77
110.7 -12.85
111.01 -13.02
111.16 -13.1
111.32 -13.19
111.55 -13.27
111.71 -13.27
111.94 -13.44
112.26 -13.44
112.41 -13.52
112.73 -13.52
112.88 -13.52
113.12 -13.52
113.35 -13.52
113.51 -13.61
113.66 -13.69
113.98 -13.61
114.21 -13.69
114.52 -13.69
114.68 -13.61
114.91 -13.61
115.22 -13.61
115.38 -13.61
115.69 -13.61
115.93 -13.61
116.16 -13.52
116.4 -13.52
116.63 -13.61
116.94 -13.61
117.18 -13.61
117.41 -13.61
117.72 -13.52
118.45 -13.25
119.4 -12.83
119.85 -12.63
120.27 -12.58
121.33 -12.4
121.93 -11.72
122 -11.67
122.03 -11.67
122.45 -11.63
122.72 -11.62
123.23 -11.55
123.3 -11.53
123.37 -11.52
123.93 -11.55
123.97 -11.57
124.43 -11.52
124.45 -11.52
124.57 -11.53
124.95 -11.67
125.33 -11.78
125.42 -11.75
125.75 -11.62
126 -11.52
126.2 -11.43
126.47 -11.35
126.52 -11.33
126.8 -11.32
126.95 -11.28
127.52 -11.23
127.78 -10.92
127.97 -10.75
128.2 -10.47
128.3 -10.43
129.02 -9.98
129.5 -9.75
130.1 -9.65
130.72 -9.75
130.92 -9.78
131.47 -9.7
131.52 -9.67
131.72 -9.6
131.87 -9.55
131.95 -9.52
132.2 -9.38
132.33 -9.33
132.5 -9.27
132.55 -9.23
132.77 -9.1
133.38 -8.88
134.83 -9.42
135.05 -9.37
135.22 -9.28
135.48 -9.13
137.75 -9.95
138.22 -10.15
138.58 -10.37
138.63 -10.4
139.2 -10.83
139.38 -11.15
140 -10.98
141 -10.37
141 -7.1
140.8 -6.7
141 -6.2
141 1.3
140.84 1.4
140.68 1.58
140.51 1.58
140.35 1.67
140.11 1.86
139.94 1.86
139.78 2.04
139.54 2.04
139.22 2.23
139.07 2.23
138.83 2.32
138.75 2.32
138.51 2.51
138.27 2.69
138.11 2.88
137.95 3.06
137.63 3.25
137.55 3.25
137.39 3.34
137.23 3.43
136.99 3.52
136.83 3.52
136.5 3.6
134.7 3.5
133.9 3
132.7 1.65
129.88 2.5
129.67 6.25
129.67 6.25
130 8
129.71 7.73
129.55 7.55
129.39 7.36
129.31 7.27
129.06 6.9
128.9 6.62
128.73 6.53
128.65 6.34
128.65 6.34
128.41 6.07
128.24 5.88
128.08 5.6
127.92 5.51
127.75 5.33
127.59 5.33
127.26 5.23
124.48 3.75
124.24 3.66
123.91 3.66
123.75 3.57
123.58 3.47
123.34 3.38
123.09 3.47
122.69 3.47
122.6 3.47
122.28 3.47
122.03 3.38
121.79 3.38
121.7 3.47
121.38 3.47
121.21 3.47
120.89 3.38
120.56 3.38
120.4 3.38
120.15 3.38
120.07 3.38
119.99 3.38
119.83 3.38
119.75 3.29
119.6 3.29
119.36 3.29
119.13 3.29
118.97 3.29
118.74 3.38
118.66 3.38
118.5 3.38
118.35 3.38
118.35 3.38
118.27 3.47
118.19 3.47
117.69 3.83
105.5 -9.58
# Region  1 20
247.631278 11.825228
246.976159 11.044993
246.624898 10.220334
246.629424 8.994529
246.835831 7.924279
247.598019 7.124326
249.018344 6.29041
250.688331 6.39
252.204975 6.896837
252.759248 7.580958
253.261589 8.621234
253.25744 9.746286
253.100325 11.168258
252.185736 12.106334
251.424302 12.691911
250.563154 12.869653
249.348481 12.835347
248.741899 12.616093
248.085083 12.294018
247.631278 11.825228
# Region  1 31
248.793831 -28.134392
248.791379 -27.539657
249.041606 -26.842828
249.645171 -25.899925
250.604335 -25.268072
252.223333 -25.085152
253.48956 -25.28616
254.244959 -24.326714
255.102335 -23.547103
255.861128 -23.432013
256.873355 -23.405125
257.683137 -23.383611
258.342217 -23.650894
259.305153 -23.956896
259.965365 -24.505852
260.575342 -25.147446
260.782503 -26.307558
260.282236 -27.749309
259.678295 -28.585725
258.870398 -29.059474
257.960903 -29.443529
256.493362 -29.52552
255.127797 -29.784632
254.524045 -30.649022
253.817371 -31.110497
252.249739 -31.458667
250.781066 -31.27412
249.918787 -30.852415
249.002689 -29.668968
248.79534 -28.498736
248.793831 -28.134392
# Region  1 19
278.538985 -23.826463
278.034569 -24.265207
277.633073 -25.122184
277.434966 -26.200231
277.742972 -27.255264
278.454926 -28.061943
279.621629 -28.669609
280.988702 -28.771038
282.202054 -28.422231
283.009007 -27.716818
283.409937 -26.740295
283.607856 -25.620605
283.249427 -24.599014
282.892506 -23.947875
282.282907 -23.395162
280.864845 -23.195148
280.004263 -23.170464
278.942367 -23.436398
278.538985 -23.826463
# Region  1 242
199.854454 62.085292
200.178052 51.629153
201.291125 51.713077
202.453489 52.020557
203.059883 52.18977
203.818865 52.234806
205.284897 52.544029
206.648387 53.066855
208.465492 53.896249
209.578188 54.036522
210.538295 54.294351
211.142237 54.842738
212.151635 55.302395
212.858497 55.5773
214.073169 55.597101
215.489534 55.736505
216.146538 55.892055
217.209378 55.909242
218.222925 55.722814
219.642307 55.39592
221.163855 54.920021
222.281077 54.341499
222.639695 53.650102
222.54017 53.37228
222.745633 52.880502
223.558433 52.393751
224.37576 51.130956
225.036159 50.720093
225.0388 50.260467
225.598166 49.806709
226.20984 49.046055
227.732143 48.359657
228.797999 47.828536
229.560754 47.180783
230.57713 46.423345
230.635475 44.945569
230.843579 43.842806
231.251488 43.252359
231.407094 42.498567
231.611049 42.197488
231.814814 41.933396
232.121878 41.244514
231.821605 40.534899
231.824057 40.022489
231.827829 39.226539
231.931315 38.746829
231.985322 38.018828
232.291253 37.535586
232.595487 37.419507
232.852694 36.516874
233.512905 36.032149
233.717048 35.659781
234.0243 34.864966
234.128729 34.143097
234.842381 32.997007
235.402501 32.226535
236.367135 31.54759
237.127626 31.257338
237.17918 31.037276
236.878718 30.273342
236.880039 29.960151
236.882679 29.330774
236.984845 29.107595
237.24224 28.069271
238.309228 27.087655
239.729365 26.384931
239.73276 25.54755
239.7354 24.892129
239.941241 24.049609
240.39995 23.255754
240.909081 22.506271
241.467693 22.04219
242.177384 21.773068
243.189989 21.704123
243.444177 21.422083
243.445686 21.036054
243.245692 20.401106
243.249087 19.525222
243.455117 18.600995
244.269425 17.441588
244.828036 16.962336
245.74055 16.590964
246.753344 16.470137
247.866605 16.550704
248.52361 16.816976
248.980244 16.531977
249.993981 16.162579
250.651929 16.180881
251.46171 16.203404
252.320783 16.575073
252.774966 16.9348
253.538474 15.813175
254.654565 15.145533
255.566702 14.870885
255.670942 14.071371
256.077342 13.68051
257.193999 12.854914
258.613758 12.187095
259.729095 11.711903
260.996265 11.240196
262.363904 10.974068
264.034079 11.021566
265.046307 11.050349
265.905568 11.37966
266.259471 11.49126
266.512905 11.396908
267.275848 10.401206
268.290905 9.664943
269.456475 9.289442
270.722137 9.223365
271.430319 9.345875
271.739268 7.920517
272.400045 7.169052
272.705223 6.766388
271.796481 6.122392
271.039762 5.430413
270.790855 4.287401
270.030553 4.575402
269.219451 4.913445
268.459525 5.09798
267.043161 4.850612
266.489077 4.111406
265.579015 3.826638
265.330485 2.577808
265.334823 1.386864
265.693064 0.309202
265.899093 -0.669353
265.445477 -1.200605
265.246992 -2.294003
265.40241 -3.272858
266.012952 -4.134237
267.584923 -4.915291
268.953505 -5.443434
269.96611 -5.517383
270.927726 -5.489647
271.836279 -4.792543
272.593563 -4.254125
273.599943 -2.621643
273.898331 -1.162938
273.896256 -0.59307
273.486272 0.7941
273.383352 1.257403
274.648636 1.29406
275.610253 1.321918
276.221739 0.19976
276.223813 -0.370176
275.872551 -1.209355
275.931085 -3.382114
275.427046 -3.965499
274.823104 -4.912824
274.626317 -6.46523
274.832724 -7.539232
275.343364 -8.755475
276.915334 -9.528919
277.475077 -10.329444
278.341318 -11.880652
278.900495 -12.523032
279.260433 -14.025303
279.923285 -15.309496
280.23148 -16.496315
280.487555 -17.282086
281.402709 -18.341501
282.773366 -19.381941
283.788422 -20.085328
284.803102 -20.688706
285.513924 -21.249618
285.974708 -22.581985
286.282337 -23.573829
286.286109 -24.519071
285.886688 -25.887482
285.182278 -26.925404
284.98436 -28.032196
284.98832 -28.986827
284.73847 -29.759526
284.185517 -30.667376
283.732089 -31.166761
282.112148 -31.118326
280.948087 -31.147147
280.037082 -31.169697
278.974432 -31.240228
277.709525 -31.359882
276.648195 -31.738657
275.135323 -33.042016
274.83637 -34.126159
275.094331 -35.225537
276.364519 -36.286504
277.480233 -36.759087
278.644672 -36.814926
279.756802 -36.49885
280.36395 -36.443165
281.023972 -36.883982
282.0362 -36.860574
282.542314 -36.848867
282.49472 -37.508901
282.498304 -38.283748
282.29963 -39.095002
282.303403 -39.892466
281.600124 -41.008829
281.045663 -41.487016
281.05019 -42.409049
281.20523 -43.050812
281.110043 -44.248682
280.76029 -45.13696
280.509308 -45.541337
280.763874 -45.824808
280.768589 -46.717
280.367093 -47.358254
280.068329 -48.265433
280.074742 -49.420287
280.079834 -50.318347
280.234875 -50.872431
280.997063 -51.376844
281.306579 -52.359012
282.274608 -53.400749
284.103407 -54.463033
285.272562 -55.24534
286.644916 -56.124373
287.863361 -56.675733
289.536743 -57.128127
291.310404 -57.434966
294.201477 -58.295721
294.556511 -58.398585
294.495526 -56.881744
294.490245 -56.084469
296.008586 -56.060026
296.000853 -54.861244
295.594641 -54.659659
294.0763 -54.684987
287.83224 -51.703494
292.911233 4.048144
282.266812 8.119953
281.301612 9.065634
280.592487 9.198806
279.380265 8.498596
277.35449 8.799116
275.066039 11.690438
270.090469 15.726266
262.843611 18.003292
259.389212 21.225166
246.0644 46.69533
238.531919 61.269255
199.854454 62.085292
